GeneSymbol	GeneName	GFOLD	E_FDR	log2fdc	X1stRPKM	X2ndRPKM	threshold
AT1G02600	NA	-0.651687	1	-1.01447	912.45	633.467	Not
AT1G03570	NA	-1.74545	1	-3.08125	261.833	39.2848	Down
AT1G04263	NA	-1.79904	1	-2.64452	246.043	52.5094	Down
AT1G04270	RPS15A	-0.521785	1	-1.14946	24.4478	15.3223	Not
AT1G04487	NA	-1.48533	1	-3.43301	9.52122	0.654746	Down
AT1G04680	NA	-0.635455	1	-1.2538	11.7064	6.81896	Not
AT1G04920	SPS3	-0.563324	1	-1.48994	3.22976	1.56012	Not
AT1G06680	PSBP1	-0.707221	1	-0.877965	210.38	160.995	Not
AT1G07128	NA	-1.38112	1	-2.7998	11.7284	2.11714	Down
AT1G07130	STN1	-1.38112	1	-2.7998	14.3116	2.58345	Down
AT1G07640	DOF1.1	-0.835897	1	-2.88553	1.01319	0.104512	Not
AT1G07760	NA	-0.648078	1	-0.956146	1241.73	898.639	Not
AT1G08940	NA	-3.12026	1	-4.47576	33.0609	1.80543	Down
AT1G08950	NA	-0.903531	1	-1.53022	368.947	176.782	Not
AT1G09110	NA	-2.11681	1	-3.42455	333.243	39.2848	Down
AT1G09130	CLPR3	-0.622238	1	-1.40748	9.72154	5.03215	Not
AT1G09750	AED3	-0.59318	1	-1.20177	15.567	9.41042	Not
AT1G10440	NA	-1.59195	1	-2.09762	757.73	245.53	Down
AT1G13010	NA	-1.0597	1	-2.92205	74.3437	9.68666	Down
AT1G13720	NA	-2.20104	1	-3.82894	194.392	14.7318
AT1G13800	NA	-1.14223	1	-2.99244	1.68716	0.208838
AT1G14880	PCR1	-0.56044	1	-1.15338	27.102	16.962
AT1G15405	NA	-0.506807	1	-0.908756	175.099	130.77
AT1G17760	CSTF77	-0.535666	1	-2.64452	1.07706	0.133319
AT1G18970	GLP1	-0.96598	1	-3.99244	3.33029	0
AT1G18975	NA	-0.96598	1	-3.99244	5.366	0
AT1G19960	NA	-0.787467	1	-1.95768	12.4055	4.22279
AT1G20170	NA	-3.13349	1	-4.93997	210.26	4.9106
AT1G20950	PFP-ALPHA1	-0.910104	1	-1.82894	5.90556	2.23774
AT1G21250	WAK1	-0.91934	1	-1.26253	29.4917	17.2314
AT1G21420	NA	-2.29801	1	-3.00178	610.945	103.123
AT1G21800	NA	-1.97621	1	-2.50702	848.975	206.245
AT1G22090	EMB2204	-1.0597	1	-2.92205	4.61488	0.601298
AT1G28730	NA	-0.972272	1	-2.84805	71.4091	9.8212
AT1G29110	NA	-5.09445	1	-5.53064	612.2	18.2938
AT1G29395	COR413IM1	-0.561279	1	-1.31284	16.2262	9.00356
AT1G29920	LHCB1.2	-0.560389	1	-0.77005	137.384	113.28
AT1G29930	LHCB1.3	-0.704704	1	-0.809859	597.05	479.179
AT1G30600	SBT2.1	-0.535666	1	-2.64452	0.930715	0.115205
AT1G31240	NA	-2.51042	1	-4.35501	9.33453	0.330124
AT1G31580	NA	-0.693506	1	-0.947199	152.032	110.794
AT1G31812	ACBP6	-0.569267	1	-1.24737	25.667	14.9776
AT1G35710	NA	-1.24536	1	-2.73528	2.76847	0.514024
AT1G35720	ANN1	-0.914568	1	-1.26662	55.8943	32.5583
AT1G48830	RPS7A	-0.545864	1	-1.36951	12.9235	6.85579	Not
AT1G49280	NA	-0.535666	1	-2.64452	38.5995	4.77788	Not
AT1G49570	PER10	-0.513007	1	-2.25548	3.78577	0.937211	Not
AT1G49750	NA	-0.636843	1	-1.04404	25.7381	17.4877	Not
AT1G52170	NA	-1.36519	1	-3.18509	88.7789	9.55576	Down
AT1G55870	PARN	-1.39513	1	-4.35501	1.77544	0
AT1G56070	LOS1	-0.56552	1	-0.73006	76.3456	64.7421
AT1G57720	NA	-0.699548	1	-1.14902	21.8863	13.8043
AT1G58983	RPS2B	-0.631645	1	-1.27941	18.2172	10.4074
AT1G63510	NA	-0.841754	1	-0.893113	44440.3	33672
AT1G64420	NA	-0.893328	1	-1.69966	230.857	96.8666
AT1G65486	NA	-1.36519	1	-3.18509	6.35977	0.684536
AT1G65490	NA	-0.660332	1	-1.84805	14.5172	5.3423
AT1G65930	CICDH	-0.618924	1	-0.985987	27.739	19.6424
AT1G66970	GDPDL1	-0.548651	1	-0.922053	18.6615	13.8154
AT1G67470	NA	-1.11827	1	-1.26866	250.815	146.386
AT1G68770	NA	-0.564869	1	-1.5636	150.753	68.7484
AT1G70185	NA	-0.972272	1	-2.84805	15.2565	2.0983
AT1G71697	CK1	-0.532039	1	-1.58719	5.42062	2.42294
AT1G71700	NA	-0.886218	1	-2.42213	128.738	29.8786
AT1G72870	NA	-1.58885	1	-3.27255	4.65482	0.523797
AT1G75740	NA	-1.72186	1	-2.71347	293.571	58.9272
AT1G75950	SKP1A	-0.853956	1	-1.46954	23.9517	11.9852
AT1G75970	NA	-1.74089	1	-3.24398	194.392	24.553
AT1G77040	NA	-2.27999	1	-2.95768	646.649	112.944
AT1G77300	NA	-4.26584	1	-4.44957	307.553	19.7515
AT1G77560	NA	-1.64688	1	-2.22256	614.912	181.692
AT1G79360	OCT2	-0.835897	1	-3.88553	1.79176	0
AT1G79820	NA	-0.693336	1	-2.77005	1.13676	0.127917
AT2G01010	NA	-1.07853	1	-1.08657	78924.3	52298.6
AT2G01020	NA	-1.15675	1	-1.17649	150116	93461.4
AT2G01021	NA	-2.90381	1	-2.91527	1.82903e+06	341195
AT2G01870	NA	-0.835897	1	-2.88553	3.66201	0.377738
AT2G02760	UBC2	-0.521628	1	-1.52612	5.75003	2.69308
AT2G02930	GSTF3	-0.763832	1	-1.73763	11.7422	4.7322
AT2G03660	NA	-0.702899	1	-2.11109	146.785	44.1954
AT2G03700	NA	-1.39513	1	-4.35501	67.442	0
AT2G05440	NA	-0.631645	1	-1.27941	28.4906	16.2766
AT2G07743	NA	-1.48054	1	-1.85411	1223.61	473.01
AT2G07748	NA	-1.92186	1	-2.50702	671.632	162.448
AT2G07752	NA	-1.57032	1	-3.50702	75.3763	4.9106
AT2G07758	NA	-0.939943	1	-1.82554	200.718	76.4461
AT2G08665	NA	-0.575732	1	-0.803712	147.593	118.867
AT2G08765	NA	-1.14223	1	-2.99244	71.4091	8.83908
AT2G08770	NA	-0.563511	1	-1.10565	132.707	86.0441
AT2G14440	NA	-3.14823	1	-3.73763	38.4132	3.92848
AT2G14560	LURP1	-1.07384	1	-1.41205	40.3116	21.2265
AT2G16240	NA	-1.06753	1	-1.85886	261.833	98.212
AT2G18630	NA	-0.535666	1	-2.64452	1.24732	0.154394
AT2G21360	NA	-0.543024	1	-0.737628	2876.2	2425.84
AT2G21660	RBG7	-0.703287	1	-0.869487	257.441	198.177
AT2G21700	NA	-0.713975	1	-1.38862	297.538	157.139
AT2G22580	NA	-0.609024	1	-1.4261	199.554	101.71
AT2G24390	NA	-0.508173	1	-2.04307	7.67545	2.37518
AT2G25510	NA	-1.24275	1	-1.46101	295.408	150.73
AT2G28290	SYD	-1.50228	1	-2.04196	4.14225	1.3926
AT2G32860	BGLU33	-0.876306	1	-1.74308	6.70872	2.7148
AT2G33830	DRMH1	-0.80076	1	-1.43507	22.2077	11.3747
AT2G34250	NA	-0.614019	1	-1.0492	19.5942	13.2567
AT2G34420	NA	-0.575732	1	-0.803712	147.875	119.095
AT2G34430	NA	-0.599277	1	-0.978636	45.0661	32.0686
AT2G35747	NA	-2.34765	1	-2.60435	3663.29	844.132
AT2G35750	NA	-2.15236	1	-2.38265	621.809	167.263
AT2G37710	LECRK41	-0.512333	1	-0.946928	17.3079	12.5779
AT2G38540	LTP1	-0.573736	1	-0.947223	72.4391	52.6945
AT2G38840	NA	-0.535666	1	-2.64452	1.07463	0.133018
AT2G41090	CML10	-0.874779	1	-1.12654	100.86	64.8898
AT2G44320	NA	-0.559589	1	-2.50702	48.7672	8.62349
AT2G45510	NA	-1.46166	1	-2.99244	6.41353	0.968135
AT2G47730	GSTF8	-0.628469	1	-1.21611	11.0915	6.64315
AT3G02150	TCP13	-0.693336	1	-2.77005	1.75042	0.196971
AT3G03990	D14	-1.79909	1	-4.70865	3.78783	0
AT3G04930	NA	-1.72298	1	-2.89558	8.80599	1.53523
AT3G05525	NA	-1.22037	1	-3.05956	83.3106	9.8212
AT3G06335	NA	-1.31297	1	-1.61444	1737.62	795.517
AT3G06355	NA	-1.13737	1	-1.15705	48908.7	30863.5
AT3G06665	NA	-0.622263	1	-0.862581	1975.65	1527.2
AT3G07185	NA	-2.24571	1	-3.70865	269.768	24.553
AT3G07255	NA	-1.55508	1	-2.08171	40.7717	13.342
AT3G07895	NA	-0.835897	1	-3.88553	10.5142	0
AT3G08030	NA	-0.702712	1	-1.40748	10.3242	5.37105
AT3G08850	RAPTOR1	-0.645168	1	-1.44289	3.05736	1.5418
AT3G09225	NA	-1.49049	1	-3.18509	71.4091	8.55394
AT3G09440	HSP70-3	-0.511614	1	-0.7604	39.5388	32.8105
AT3G09940	MDAR3	-2.56485	1	-4.27255	8.96536	0.443896	Down
AT3G10415	NA	-0.96598	1	-3.99244	50.1794	0	Not
AT3G10890	MAN3	-1.68046	1	-2.16528	45.1005	13.9564	Down
AT3G11910	UBP13	-2.94938	1	-3.21483	85.7472	12.9286	Down
AT3G11940	RPS5B	-0.577996	1	-1.22256	18.8628	11.2194	Not
AT3G12380	ARP5	-0.535666	1	-2.64452	1.15689	0.143201	Not
AT3G12500	CHI-B	-0.871437	1	-1.83279	9.56976	3.60516	Not
AT3G13220	ABCG26	-1.59214	1	-3.18509	4.73833	0.601553	Down
AT3G15353	MT3	-0.601174	1	-0.996185	83.8566	58.9272
AT3G19800	NA	-1.92724	1	-2.55432	45.3018	10.5596
AT3G21055	PSBT	-0.675016	1	-0.958811	132.938	96.0624
AT3G21475	NA	-0.623644	1	-1.73258	146.785	58.9272
AT3G22230	RPL27B	-0.53394	1	-1.28818	15.3308	8.65597	Not
AT3G22231	PCC1	-2.20069	1	-2.72941	90.1621	18.753	Down
AT3G22235	NA	-2.45924	1	-3.05744	93.9648	15.4394	Down
AT3G24090	NA	-0.701514	1	-2.50702	2.3929	0.467676	Not
AT3G25020	NA	-0.744871	1	-2.44812	2.10498	0.453141	Not
AT3G26540	PCMP-A5	-0.516697	1	-2.35501	2.30025	0.502458	Not
AT3G41768	NA	-1.06733	1	-1.07533	79439.8	53052.1	Down
AT3G41979	NA	-1.1376	1	-1.15729	149665	94429.4	Down
AT3G45640	MPK3	-0.544519	1	-1.25326	9.83893	5.70877	Not
AT3G45860	CRK4	-1.22037	1	-3.05956	2.33946	0.27579	Down
AT3G46770	REM22	-1.0597	1	-2.92205	4.29699	0.559878	Down
AT3G46810	NA	-0.516372	1	-1.26038	6.92307	3.98922	Not
AT3G48745	NA	-1.88268	1	-2.41703	797.402	206.245	Down
AT3G49120	PER34	-0.674936	1	-1.05956	39.0357	26.2501	Not
AT3G50290	NA	-1.20079	1	-2.23954	9.55125	2.67682	Down
AT3G50480	HR4	-0.725112	1	-1.42794	18.0294	9.24556	Not
AT3G50505	NA	-1.2991	1	-2.84805	146.785	24.553	Down
AT3G50665	NA	-2.06418	1	-3.80958	142.818	9.8212	Down
AT3G55430	NA	-1.0602	1	-2.05016	7.34662	2.36436
AT3G55850	NA	-1.38112	1	-2.7998	4.78219	0.863251
AT3G58990	IPMI1	-0.525428	1	-2.18509	5.27258	1.41879
AT3G59710	NA	-1.49049	1	-3.18509	5.44237	0.651929
AT3G61755	NA	-0.698816	1	-1.41457	262.16	135.613
AT3G62245	NA	-0.903824	1	-1.64976	266.072	116.24
AT4G00525	NA	-0.815383	1	-1.34906	50.7798	27.7612
AT4G01650	NA	-0.594371	1	-2.32259	3.98563	0.939702
AT4G02130	GATL6	-2.72328	1	-4.04307	11.2263	0.845845
AT4G02520	GSTF2	-0.730783	1	-1.04027	62.3313	42.5429
AT4G03405	NA	-1.48533	1	-3.43301	71.4091	4.9106
AT4G06375	NA	-0.785875	1	-1.36197	186.206	100.698
AT4G06990	NA	-0.67398	1	-2.60012	19.2132	3.17097
AT4G08345	NA	-1.81984	1	-2.01769	4208.16	1459.48
AT4G09135	NA	-1.08554	1	-4.09198	42.0938	0
AT4G13505	NA	-0.81044	1	-1.19151	33.8174	20.7429
AT4G13510	AMT1-1	-0.81044	1	-1.19151	30.3811	18.6351
AT4G14365	XBAT34	-0.945363	1	-2.61805	4.27059	0.813256
AT4G14400	ACD6	-0.740032	1	-0.997154	40.6156	28.5873
AT4G14415	NA	-0.693336	1	-3.77005	42.4595	0
AT4G14650	NA	-2.67389	1	-4.50702	4.90741	0.155755
AT4G15200	NA	-1.49049	1	-3.18509	3.06923	0.367657
AT4G16105	NA	-0.879353	1	-2.77005	65.6192	9.55576	Not
AT4G16190	RD19C	-0.621907	1	-0.966806	33.3065	23.9117	Not
AT4G16260	NA	-0.521785	1	-1.14946	15.6161	9.78721	Not
AT4G16465	NA	-1.14223	1	-2.99244	77.1991	9.55576	Down
AT4G19840	PP2A1	-0.901221	1	-1.4434	22.8283	11.6765	Not
AT4G21300	PCMP-E36	-0.67398	1	-2.60012	1.56656	0.258547	Not
AT4G22640	NA	-2.6241	1	-4.32805	17.8953	0.851959	Down
AT4G23915	NA	-1.02941	1	-1.67985	359.98	154.987	Down
AT4G26200	ACS7	-1.92644	1	-3.08321	13.666	2.08838	Down
AT4G26375	NA	-1.19614	1	-4.18509	57.8993	0	Down
AT4G27875	NA	-0.919517	1	-1.72351	238.03	98.212	Not
AT4G27885	NA	-0.909436	1	-1.79806	199.554	77.4933	Not
AT4G31075	NA	-0.535666	1	-2.64452	39.1283	4.84333	Not
AT4G31670	UBP18	-1.6579	1	-2.65457	8.94583	1.87153	Down
AT4G31895	NA	-1.79909	1	-3.70865	84.919	4.77788	Down
AT4G36660	NA	-0.611755	1	-1.20068	26.6247	16.1199	Not
AT4G37175	NA	-2.45794	1	-4.06773	230.096	14.7318	Down
AT4G38220	NA	-0.541491	1	-1.20499	12.5249	7.53636	Not
AT4G39195	NA	-1.13774	1	-1.95953	247.037	86.0018	Down
AT4G39345	NA	-0.703907	1	-0.980591	1559.1	1109.8	Not
AT4G39865	NA	-0.96598	1	-3.99244	50.8668	0	Not
AT5G00765	NA	-0.535666	1	-2.64452	24.0031	2.97112	Not
AT5G01890	PXC2	-0.814759	1	-2.50702	1.71553	0.353917	Not
AT5G02500	MED37E	-0.53167	1	-0.703006	103.299	89.2556	Not
AT5G02505	NA	-0.561714	1	-0.854546	1321.07	1026.31	Not
AT5G07105	NA	-0.516697	1	-2.35501	32.3721	7.07126
AT5G07400	NA	-1.69765	1	-3.03753	4.57705	0.708188
AT5G07625	NA	-0.535666	1	-3.64452	34.0043	0
AT5G08075	NA	-0.752366	1	-1.60959	195.641	87.1799
AT5G08275	NA	-1.50056	1	-2.96269	21.7937	3.4438
AT5G08630	NA	-1.84456	1	-3.12995	6.60632	0.968371
AT5G10235	NA	-0.941692	1	-2.70865	86.0822	14.53
AT5G10380	ATL55	-0.96598	1	-2.99244	3.14951	0.299884
AT5G10760	AED1	-0.543247	1	-1.04758	17.2717	11.6776
AT5G10810	NA	-0.535666	1	-2.64452	3.79331	0.469539
AT5G14300	PHB5	-0.927646	1	-1.93232	17.519	6.12843
AT5G14760	AO	-1.11621	1	-2.68759	3.63377	0.681502
AT5G15200	RPS9B	-0.535452	1	-0.892695	47.536	35.9291
AT5G15805	NA	-0.535666	1	-3.64452	38.5995	0
AT5G16610	NA	-1.57032	1	-3.50702	2.00484	0.130611
AT5G17510	NA	-0.835897	1	-3.88553	1.55097	0
AT5G19120	NA	-0.67398	1	-2.60012	3.01729	0.497976
AT5G20630	GER3	-0.576991	1	-0.836192	119.865	94.3536	Not
AT5G22060	ATJ2	-0.521785	1	-1.14946	12.865	8.06301	Not
AT5G22315	NA	-1.73066	1	-3.11582	238.03	34.3742	Down
AT5G27715	NA	-1.59214	1	-3.18509	154.72	19.6424
AT5G28450	NA	-0.645847	1	-1.07694	75.5026	50.1069
AT5G38155	NA	-0.671523	1	-2.38672	84.919	19.1115
AT5G39680	EMB2744	-1.00838	1	-2.47049	4.43209	1.01059
AT5G41120	NA	-2.88937	1	-3.81556	19.3734	1.79854
AT5G42530	NA	-0.782538	1	-1.0003	307.131	215.804
AT5G43535	NA	-1.29457	1	-3.12369	88.5071	9.95952
AT5G43730	NA	-0.835897	1	-3.88553	0.805366	0
AT5G43830	NA	-0.655757	1	-1.42387	13.6578	6.99548
AT5G44590	NA	-0.972272	1	-2.84805	4.42847	0.609066
AT5G45715	NA	-2.15305	1	-3.62249	253.899	24.553
AT5G45720	NA	-2.02805	1	-3.44382	4.73907	0.533278
AT5G49435	NA	-0.53582	1	-0.823928	1348.84	1070.51
AT5G50290	NA	-1.47378	1	-1.85115	53.0541	20.5486
AT5G50805	NA	-1.8324	1	-2.38672	725.993	191.513
AT5G53740	NA	-0.525428	1	-2.18509	7.93435	2.13504
AT5G54780	NA	-2.5372	1	-3.65639	16.2645	1.66383
AT5G55450	NA	-1.50056	1	-2.96269	15.3252	2.42166
AT5G56930	EMB1789	-0.535666	1	-3.64452	1.19363	0
AT5G58495	NA	-1.299	1	-3.27255	55.734	4.31174
AT5G58500	LSH5	-1.2789	1	-2.70865	9.99506	1.92453
AT5G60265	NA	-1.72674	1	-4.64452	12.1179	0
AT5G60966	NA	-2.10424	1	-3.37095	357.046	44.1954
AT5G61170	RPS19C	-0.546799	1	-1.22691	21.4227	12.6822
AT5G64735	NA	-0.644362	1	-0.970785	1110.81	795.517
AT5G65015	NA	-1.299	1	-3.27255	62.6053	4.84333
AT5G66755	NA	-2.37448	1	-4.22948	126.95	4.9106
ATCG00060	NA	-1.18898	1	-1.78233	464.159	186.603
ATCG00100	NA	-0.663187	1	-0.922053	1717.73	1273.8
ATCG00110	NA	-2.11829	1	-2.97864	408.619	68.7484
ATCG00200	NA	-0.543301	1	-0.710977	3894.31	3346.4
ATCG00230	NA	-1.82452	1	-1.89754	34453.9	13010.2
ATCG00310	NA	-0.82532	1	-1.1054	1625.31	1060.69
ATCG00610	NA	-1.96111	1	-2.56879	640.752	148.114
ATCG00880	NA	-1.05625	1	-1.4411	863.962	445.228
ATCG00930	NA	-3.57047	1	-3.83172	8130.86	799.149
ATCG00940	NA	-0.509384	1	-0.690662	3169.02	2761.61
ATCG00960	NA	-3.06056	1	-3.0792	754707	125662
ATCG01030	NA	-1.99657	1	-2.11901	12643	4092.49
ATCG01170	NA	-2.95955	1	-2.98058	557804	99447.3
ATCG01190	NA	-0.567037	1	-0.755347	3010.76	2508.39
ATCG01200	NA	-3.56008	1	-3.82606	7806.09	770.089
ATCG01260	NA	-1.34551	1	-1.74308	930.963	388.483
ATMG00030	NA	-0.820714	1	-1.29421	132.239	75.2958
ATMG00250	NA	-1.20656	1	-2.64452	165.978	33.4452
ATMG00390	NA	-1.0597	1	-2.92205	65.3867	8.51959
ATMG00800	NA	-1.72955	1	-3.50702	115.048	9.8212
ATMG00930	NA	-1.86148	1	-2.60012	428.455	95.5576
ATMG01060	NA	-1.64275	1	-1.97419	379.967	135.314
ATMG01070	NA	-1.65338	1	-1.98578	1663.64	587.679
